-73.999886 40.728405
-74.00756 40.71031
-73.988464 40.736813
-73.99491 40.73175
-73.98568 40.74738
-74.00306 40.73368
-73.9978 40.74567
-74.00274 40.74008
-73.991776 40.744053
-73.971 40.758713
-73.98289 40.715153
-73.96235 40.719975
-73.98246 40.731876
-73.97482 40.750656
-74.030975 40.73673
-73.97939 40.737
-73.99392 40.69601
-73.99582 40.75954
-73.98361 40.737793
-74.03348 40.71812
-73.97716 40.74495
-73.98537 40.768837
-73.99295 40.68892
-74.0324 40.747433
-74.0386 40.72593
-73.97946 40.693314
-73.962265 40.763985
-73.958015 40.768917
-74.02856 40.753815
-74.04319 40.75854
-74.000145 40.73247
-73.9869 40.73954
-73.98304 40.750813
-74.00122 40.741222
-74.02311 40.75982
-74.004585 40.747562
-73.95401 40.729187
-73.98989 40.76688
-73.98289 40.75088
-73.9809 40.6887